PartcipantID:1
RandID:1
InitialTimeStamp:11-47-51-456
block;trial;answer;correct;timeSpent;itemsSelected;finalvalue;finalweight;ReverseButtons;instanceNumber;pay;xyCoordinates;
1;1;2;0;8;;0;0;1;6;0;(-303.1089,175)(-303.1089,-175)(4.286122E-14,-350)(303.1089,-175)(0,350)(303.1089,175)
1;2;2;0;8;;0;0;1;5;0;(303.1089,175)(-303.1089,175)(303.1089,-175)(0,350)(-303.1089,-175)(4.286122E-14,-350)
1;3;2;0;8;;0;0;0;11;0;(-303.1089,175)(0,350)(303.1089,175)(303.1089,-175)(-303.1089,-175)(4.286122E-14,-350)
1;4;0;1;8;;0;0;1;12;2;(303.1089,175)(-72.76909,342.3517)(142.3578,319.7409)(-332.8698,108.156)(-348.0827,36.58496)(205.7248,283.1559)(205.7248,-283.1559)(-260.1007,-234.1957)(260.1007,234.1957)(-332.8698,-108.156)(-142.3578,-319.7409)(-72.76909,-342.3517)(332.8698,-108.156)(-303.1089,-175)(-260.1007,234.1957)(4.286122E-14,-350)(-205.7248,283.1559)(303.1089,-175)(-348.0827,-36.58496)(72.76909,342.3517)(72.76909,-342.3517)(348.0827,36.58496)(332.8698,108.156)(-205.7248,-283.1559)(142.3578,-319.7409)(-303.1089,175)(0,350)(260.1007,-234.1957)(348.0827,-36.58496)(-142.3578,319.7409)
1;5;0;0;8;0,1,3;60;77;0;4;0;(303.1089,-175)(4.286122E-14,-350)(0,350)(-303.1089,175)(-303.1089,-175)(303.1089,175)
1;6;2;0;8;;0;0;0;15;0;(303.1089,-175)(0,350)(303.1089,175)(-303.1089,-175)(4.286122E-14,-350)(-303.1089,175)
